error(train): 0.026105
error(test): 0.035585